[shutterbug.jpg]
filters=crop64=1,309b0c40ce18982e;
crop=rect64(309b0c40ce18982e)
moddate=0000011169d70000
width=395
height=397
textactive=0
[skaterboy.jpg]
filters=retouch=1;
moddate=0000753972d70000
width=217
height=243
textactive=0
[skaterboy.1.jpg]
filters=retouch=1;
moddate=00006e3b72d70000
width=217
height=243
text=1;175;37;&#010;&#010;(Work In Progress)&#010;&#010;&#010;Memorizing APP;STIXGeneral-BoldItalic;0.066153,0.198976,0.100000,0.000000;v1,4278190080,4280058455,128.000000,1.000000,0.000000,1.000000,400,0,49152;;
textactive=1
